81
120
119
115
113
116
119
117
120
114
120
121
118
123
123
123
125
126
129
131
133
132
138
138
139
142
144
142
145
146
145
146
147
142
153
149
144
154
154
151
153
153
152
153
152
155
155
156
158
157
159
153
155
160
160
164
164
165
163
165
165
168
168
170
167
169
170
172
173
174
169
170
175
168
170
169
167
164
166
163
161
162
159
155
160
156
155
154
154
153
155
149
151
153
150
149
157
152
152
153
152
156
160
159
159
162
161
167
169
168
169
171
174
175
176
179
181
180
182
185
183
187
184
188
190
188
191
190
188
190
192
193
189
187
189
190
193
188
190
190
192
192
191
188
190
193
192
192
192
188
192
192
192
191
191
188
192
190
193
192
191
187
189
187
191
183
187
183
185
183
180
177
180
178
176
173
174
168
171
163
156
164
161
158
159
154
155
157
153
152
151
151
150
153
153
150
155
152
153
156
157
156
160
158
161
163
164
166
169
168
168
174
172
174
171
173
172
168
173
174
168
168
172
168
168
168
166
165
164
159
161
164
158
159
162
160
160
159
156
157
158
153
153
157
153
153
154
153
153
153
149
148
149
149
149
147
145
145
143
142
143
142
137
139
134
134
132
130
130
127
125
123
125
119
122
121
119
120
118
118
122
120
120
121
118
119
120
116
121
118
120
119
118
120
118
116
119
119
118
119
119
119
118
116
117
115
117
118
121
119
119
117
115
115
112
110
110
107
106
104
101
101
101
101
94
96
94
94
94
92
89
92
88
86
91
85
82
86
85
81
86
83
80
84
82
80
82
80
75
80
77
76
77
74
74
77
73
68
74
68
70
67
67
66
67
66
67
62
65
65
61
64
66
63
63
69
65
70
74
72
70
78
74
79
77
77
80
82
79
78
87
80
84
84
82
82
83
78
85
82
79
78
80
74
73
71
70
71
70
66
67
64
61
58
62
59
55
49
50
49
51
48
48
48
49
46
45
45
46
47
46
46
45
44
45
45
43
45
46
48
48
49
45
42
46
45
40
47
40
45
44
45
44
45
41
44
45
45
43
45
44
45
48
49
48
50
53
51
50
56
58
57
62
61
58
65
68
67
72
70
72
77
75
76
79
78
81
82
81
81
84
82
83
83
81
81
84
81
80
82
80
76
79
72
72
76
71
67
69
64
65
64
62
64
64
64
66
60
63
64
60
66
70
66
73
72
70
73
73
68
75
75
71
77
76
75
79
78
78
83
80
81
80
79
80
82
84
82
84
88
82
88
85
83
88
88
89
94
95
87
95
94
93
99
104
102
102
104
109
110
113
113
113
112
114
115
114
117
116
118
116
118
119
116
116
118
115
115
114
120
117
116
118
120
118
118
117
114
120
115
117
116
119
114
118
119
114
120
118
119
118
118
120
123
121
122
128
130
130
134
132
137
136
139
136
145
143
141
145
142
146
149
149
146
152
149
151
150
150
154
154
153
152
158
156
156
160
158
154
161
158
159
161
161
162
166
162
161
165
163
164
170
168
167
169
171
172
171
175
170
172
173
174
170
169
165
165
164
166
160
162
161
155
156
157
154
155
154
150
152
154
148
153
152
148
154
154
152
156
158
154
155
159
157
164
162
164
170
168
173
173
172
176
176
178
177
181
180
186
186
186
187
188
189
190
191
190
194
191
187
188
193
190
192
194
190
191
190
189
192
191
189
189
188
192
190
190
188
190
190
192
189
191
192
193
189
191
189
191
188
192
190
192
190
187
187
187
183
181
179
177
175
178
175
171
170
168
167
167
164
163
161
156
158
158
155
153
156
152
152
155
150
151
155
150
154
157
152
154
158
153
157
159
160
160
168
164
167
169
168
172
173
172
174
174
171
173
169
171
169
168
170
172
168
166
166
164
165
161
162
165
158
160
159
158
157
162
158
156
159
157
154
158
155
153
155
153
148
155
152
148
152
151
146
150
149
141
145
143
142
145
141
138
138
138
132
131
126
130
124
126
122
126
123
118
122
120
120
120
118
121
121
117
117
117
117
119
118
116
121
117
121
120
120
120
120
117
116
119
119
118
118
119
120
115
121
116
119
118
119
119
117
115
112
114
113
113
106
105
106
102
98
99
96
97
94
92
92
93
88
90
90
88
89
88
85
84
84
83
81
84
82
82
82
81
79
82
77
80
80
75
78
78
76
74
75
71
71
72
70
72
70
67
65
66
67
64
62
64
64
64
65
65
61
68
68
68
74
71
71
76
78
77
81
80
82
85
81
80
86
86
83
88
84
83
86
85
79
82
82
77
78
76
74
76
72
71
70
65
65
64
65
59
56
56
58
56
54
50
51
49
47
47
45
46
48
48
46
45
42
47
44
44
43
44
45
44
44
43
43
43
42
46
46
46
48
45
42
45
44
45
42
45
44
45
42
43
43
41
42
46
45
48
47
49
49
50
51
51
54
54
58
62
61
65
66
68
68
74
70
77
75
72
80
80
79
79
83
80
86
85
81
82
87
81
81
83
79
82
80
77
79
74
73
73
72
68
68
64
66
64
64
65
64
62
61
64
62
66
66
62
67
65
64
72
68
70
74
71
72
77
73
72
77
74
77
78
77
76
81
80
80
82
83
79
82
80
83
85
85
82
84
84
87
86
87
90
95
89
89
94
92
97
95
101
100
104
109
108
110
112
112
115
116
114
115
114
118
117
116
117
113
119
114
118
115
114
119
114
120
118
118
117
117
116
118
120
118
119
115
114
118
118
120
118
120
118
119
114
120
117
117
122
125
124
126
132
128
131
131
132
134
141
135
142
144
142
146
148
144
146
151
146
150
152
149
152
153
150
154
152
150
150
156
153
158
159
155
159
155
154
160
160
161
160
165
162
165
164
165
164
168
169
166
169
171
170
171
172
172
172
173
168
171
167
168
166
168
162
161
163
158
156
160
154
157
153
149
150
155
150
150
152
153
151
153
154
152
157
154
155
160
159
158
166
163
166
168
169
170
172
174
173
174
181
180
184
183
183
185
188
186
189
186
189
188
189
191
191
187
189
189
188
191
189
188
190
191
188
191
189
190
193
192
191
192
192
193
191
189
191
189
191
188
192
191
190
192
191
193
187
190
190
189
184
187
182
182
184
182
178
177
173
171
172
170
167
164
169
161
161
163
156
161
152
155
157
153
151
154
152
151
152
152
152
155
154
155
157
158
155
160
161
158
165
163
164
169
169
169
170
173
172
171
174
174
170
172
171
167
169
171
165
167
164
164
165
164
160
162
163
159
158
162
157
154
159
155
156
158
154
154
158
152
155
155
151
150
153
147
150
151
146
147
150
147
145
145
141
142
143
139
137
135
134
131
131
128
127
123
122
122
123
119
118
119
119
120
120
121
118
119
117
118
120
118
115
119
118
116
118
117
120
120
119
113
119
118
118
117
116
119
119
118
117
118
117
119
116
117
115
114
118
115
112
109
108
103
106
102
99
101
99
94
94
96
92
95
88
88
91
87
86
89
84
84
87
85
83
81
83
81
82
82
80
81
80
77
78
80
76
78
76
75
75
72
71
72
72
69
69
67
70
68
64
66
64
67
64
62
62
64
66
69
65
65
70
71
71
74
76
74
77
80
79
78
84
80
84
88
83
83
84
80
83
84
81
80
82
76
78
78
76
74
76
70
69
70
67
66
65
61
57
58
57
55
49
50
49
51
48
48
47
46
48
46
48
46
46
48
45
45
45
43
44
47
45
44
46
43
44
47
43
46
44
48
45
43
43
41
42
45
44
46
46
43
41
43
44
48
46
44
47
49
45
50
52
50
58
57
56
60
62
61
67
63
64
72
72
71
76
75
75
80
79
80
83
82
83
85
81
83
85
84
83
84
78
78
82
80
76
80
79
70
76
73
69
65
64
66
65
63
63
59
65
63
61
66
67
61
63
66
62
70
69
67
70
72
73
74
76
72
77
77
75
79
77
76
80
80
80
82
85
78
82
85
81
84
83
81
84
89
86
86
90
86
88
92
94
92
97
96
99
100
102
104
108
107
107
106
111
114
112
116
117
114
115
117
114
115
118
120
119
113
118
118
118
118
120
117
118
118
120
119
117
114
118
120
117
117
114
119
118
117
116
120
116
119
118
120
119
120
126
123
124
129
125
128
135
132
132
138
137
137
140
144
142
148
146
146
149
149
150
153
149
149
153
153
152
154
154
155
156
155
151
157
154
153
158
160
156
161
157
159
161
163
163
163
165
168
168
169
166
172
173
173
169
170
176
173
174
172
170
171
168
167
164
164
159
157
161
158
158
158
152
156
155
150
153
151
150
152
152
150
152
152
152
155
155
154
159
160
160
161
164
163
166
168
170
171
173
171
176
179
177
180
183
183
184
184
189
190
190
192
190
188
192
191
191
188
191
188
193
191
192
189
190
190
192
192
192
188
193
193
190
190
190
192
191
192
192
190
190
192
192
192
192
191
192
192
192
190
189
185
188
188
181
180
183
179
177
176
176
174
172
166
169
167
161
160
162
158
156
158
154
152
158
153
154
156
152
153
156
152
152
155
153
155
156
156
158
160
161
162
165
165
166
171
168
173
172
172
174
172
173
172
174
174
171
170
173
166
168
169
168
164
167
161
159
161
158
158
163
159
155
159
157
153
160
156
155
157
154
155
154
153
149
153
150
151
151
148
149
149
147
143
147
144
142
142
143
134
138
139
131
129
126
128
128
124
123
119
121
122
123
118
120
122
122
121
119
116
121
116
118
119
118
116
119
117
120
119
116
116
121
118
120
119
116
118
120
118
117
114
116
118
117
115
118
115
117
116
118
112
110
108
105
104
105
100
100
100
95
93
94
91
89
93
88
88
90
87
86
88
84
86
88
83
81
84
83
80
82
78
82
84
78
79
76
74
78
75
74
75
72
72
71
72
70
72
71
64
70
66
67
61
61
64
63
58
65
67
64
70
70
69
72
72
70
80
76
78
81
80
82
87
82
81
86
85
82
85
84
83
85
84
80
84
84
78
80
76
74
74
74
69
69
65
61
63
64
60
59
59
55
53
54
50
51
49
46
46
48
48
47
46
46
47
42
47
45
43
46
44
44
46
44
44
46
44
48
46
45
43
40
48
43
43
43
43
42
44
45
41
42
46
45
42
47
45
44
49
48
47
50
54
50
55
56
57
60
61
60
64
69
66
69
72
72
73
76
75
78
84
79
80
85
78
81
84
81
84
85
81
83
83
80
81
82
76
78
78
73
74
73
66
70
66
65
64
64
62
64
64
66
60
65
64
63
64
67
66
65
69
69
68
70
72
72
75
74
75
76
74
75
79
78
78
79
77
78
86
79
80
87
80
81
88
86
83
89
87
84
88
90
92
91
92
90
96
97
95
98
104
103
103
105
111
108
113
110
117
116
115
113
113
113
117
117
118
119
115
115
116
118
119
115
115
116
119
117
117
116
117
116
118
120
116
119
113
116
117
113
114
118
117
117
117
117
118
119
122
122
123
123
124
127
131
133
134
136
138
139
142
143
139
144
146
145
147
148
148
152
151
149
150
154
152
154
157
149
156
157
153
155
157
157
157
158
160
159
160
160
158
164
162
165
166
166
166
168
169
165
171
172
172
172
177
171
171
172
170
171
169
166
165
164
162
162
162
159
155
160
153
153
156
154
151
152
154
151
152
153
150
154
152
156
155
155
154
161
158
160
163
162
164
170
168
171
172
172
175
178
178
182
182
180
187
182
184
187
189
187
188
190
189
192
191
188
190
191
187
190
191
190
192
191
190
191
191
192
190
191
190
193
190
190
192
193
189
190
189
190
191
189
189
190
194
189
192
189
188
188
187
182
187
182
184
183
178
178
176
174
172
168
166
169
164
160
164
161
155
157
158
155
155
153
152
154
151
150
152
155
149
154
155
153
153
153
154
160
161
159
160
163
163
169
168
172
172
175
173
171
171
174
173
168
173
170
169
170
168
167
166
162
165
167
161
162
165
157
159
159
158
160
159
154
157
156
155
154
157
152
153
155
151
150
153
151
148
154
148
150
152
144
146
144
145
142
144
140
139
138
134
129
131
130
130
126
123
122
121
119
119
118
118
120
121
115
118
119
119
118
121
120
118
119
118
116
119
119
117
119
119
115
118
118
121
119
119
119
118
117
116
117
115
118
121
119
118
116
118
115
109
108
108
107
102
104
102
102
98
95
96
95
89
91
87
86
91
86
87
89
84
84
85
82
83
84
82
78
84
82
78
82
81
75
78
79
75
77
76
73
75
73
70
72
72
68
70
70
66
67
67
64
65
62
65
62
64
64
63
67
65
65
69
71
70
70
79
74
77
80
80
81
84
80
82
87
79
83
86
80
84
86
80
82
84
78
78
78
74
74
71
70
75
68
64
66
65
62
61
58
59
55
51
52
52
51
47
48
44
48
45
46
46
47
41
46
45
46
44
48
48
46
45
44
45
45
46
44
48
43
42
47
44
46
46
44
46
46
42
44
46
46
46
46
46
48
46
44
48
48
50
54
51
51
56
58
56
61
60
60
68
69
64
72
71
70
76
76
75
81
78
78
85
82
83
83
81
81
85
83
82
84
84
78
80
79
76
75
71
72
73
70
67
65
64
65
64
62
64
62
64
66
62
62
64
63
63
66
65
64
72
68
72
72
69
72
75
73
75
77
75
79
78
76
81
80
80
80
85
79
83
81
81
85
85
82
88
88
86
84
91
88
89
94
93
96
98
97
99
101
98
104
104
106
108
113
111
113
114
113
115
114
116
114
116
118
116
119
115
114
118
118
118
118
120
118
117
115
113
117
117
116
119
115
116
118
119
116
115
118
118
119
113
116
119
117
121
119
122
124
126
129
127
128
136
134
132
140
141
138
145
142
144
147
143
145
149
150
150
151
152
151
155
150
148
156
156
154
155
155
154
157
158
158
157
157
160
164
160
157
163
163
160
167
165
168
169
165
167
167
169
172
171
172
175
170
170
172
168
171
168
167
169
165
162
160
164
156
157
154
154
155
154
149
154
153
147
149
151
149
151
155
150
155
156
154
160
161
158
160
165
163
165
167
169
169
173
172
177
175
180
179
179
184
185
187
184
190
189
189
192
190
189
190
188
190
192
189
188
192
190
193
192
193
189
189
191
193
189
192
190
192
193
191
188
190
189
192
192
193
191
191
192
191
189
191
188
191
187
188
186
186
184
182
182
177
175
180
174
172
175
169
162
170
162
161
161
161
157
157
156
154
158
153
154
156
152
152
153
150
151
153
155
155
154
154
158
160
161
161
164
163
166
170
169
170
174
173
171
170
172
172
172
172
173
169
169
169
167
166
167
163
165
162
162
165
159
158
163
158
157
158
158
156
157
157
155
155
155
150
156
155
149
150
152
150
150
152
148
149
149
140
147
143
138
145
141
139
139
135
130
134
132
128
127
123
121
118
122
122
123
118
121
116
121
119
117
115
118
118
119
116
121
120
116
122
120
119
115
119
116
118
119
116
118
117
116
119
120
116
118
116
117
115
118
118
116
118
118
112
110
110
105
104
105
100
100
100
94
94
95
88
91
91
89
89
88
86
85
86
85
84
89
82
85
83
80
82
84
79
82
83
79
76
80
75
76
77
75
72
77
71
68
72
71
65
67
66
69
63
64
67
61
65
62
62
64
67
64
67
68
68
71
72
73
76
77
73
83
80
82
87
81
81
86
85
81
87
81
83
84
85
80
81
78
79
79
75
74
74
74
69
69
65
62
66
65
60
59
56
59
51
50
51
49
49
47
47
44
45
46
44
47
45
45
44
48
46
47
44
42
47
44
44
47
46
45
42
44
47
43
43
44
45
42
45
42
46
46
48
45
43
42
48
43
42
48
49
47
48
50
52
50
54
56
54
60
62
61
64
66
67
68
71
66
76
77
74
77
81
78
82
84
80
86
87
81
82
84
80
84
84
83
79
81
77
75
78
74
74
73
66
69
67
66
64
63
64
62
60
64
63
60
66
66
67
67
69
64
72
72
67
69
74
70
75
74
75
77
76
78
80
78
79
80
80
78
86
79
80
85
83
81
88
83
83
89
87
84
88
90
88
95
91
92
97
94
96
101
100
104
104
108
107
108
113
111
115
116
113
114
118
115
112
117
117
116
118
118
118
118
120
119
114
119
114
119
113
115
115
117
117
117
116
118
119
118
116
119
117
116
119
117
117
116
120
121
118
123
122
127
128
131
131
130
133
133
137
138
138
144
142
147
145
141
148
147
141
144
152
148
152
151
149
150
156
153
154
154
151
152
156
158
157
160
153
159
162
158
162
161
163
165
168
167
168
169
165
168
170
169
170
172
173
170
172
175
168
168
173
169
164
166
162
162
160
161
156
160
156
153
155
153
151
152
155
150
154
151
148
151
152
151
156
156
155
159
157
161
163
163
162
169
168
171
172
173
175
178
179
181
177
184
183
181
189
184
188
188
191
190
190
187
191
187
190
190
190
192
190
190
193
189
192
190
192
190
193
192
192
191
190
192
190
190
190
190
192
192
190
191
191
192
192
189
190
189
187
187
186
185
185
179
178
182
176
179
177
170
173
169
164
168
167
160
165
161
155
159
156
153
157
155
152
153
154
151
154
154
151
153
154
153
155
156
156
157
160
161
161
166
164
169
170
170
172
173
172
172
170
175
173
171
174
169
168
173
164
167
169
162
163
166
162
161
158
160
160
162
157
157
158
158
155
158
155
154
157
152
152
158
150
152
154
149
149
149
150
148
151
147
145
147
143
140
142
141
138
138
137
132
131
128
125
126
127
124
123
123
119
120
118
119
118
117
118
118
120
119
116
116
120
117
118
118
118
116
121
118
116
120
116
119
116
116
119
119
120
115
119
119
119
117
119
119
116
116
114
111
107
111
109
105
106
104
100
100
96
96
94
95
90
93
90
89
88
89
85
85
87
81
85
83
81
84
82
80
85
83
77
82
82
79
80
79
74
80
78
74
76
73
71
73
69
68
70
70
67
67
71
65
63
61
63
60
65
66
62
66
69
65
70
75
72
75
76
73
78
83
80
81
84
80
81
86
81
82
85
80
83
83
78
83
80
79
79
78
75
74
74
70
69
67
66
64
62
62
61
58
58
56
53
50
52
49
47
49
47
46
48
46
45
46
48
45
44
47
44
45
44
44
46
46
45
41
42
45
40
44
45
41
44
46
46
44
46
46
44
45
43
41
42
44
44
49
47
42
49
49
45
50
51
49
56
57
55
61
59
57
66
69
62
71
70
70
77
75
72
80
80
79
84
83
80
86
84
81
85
84
81
84
83
76
