152
160
161
155
156
161
163
164
169
164
170
172
170
172
172
173
168
169
175
169
169
171
168
166
170
164
165
166
161
161
164
157
157
156
160
155
155
158
157
158
153
153
157
151
150
157
150
150
156
149
150
147
143
147
150
148
146
149
142
141
142
142
138
140
135
134
131
132
130
127
123
122
124
120
121
118
120
117
118
120
118
118
119
116
119
119
119
116
120
120
118
116
118
117
117
116
120
119
117
114
115
118
118
118
117
115
116
120
118
117
116
114
116
114
110
112
111
104
105
105
98
102
96
96
99
94
93
94
89
88
92
92
84
84
85
83
88
82
81
84
84
81
84
78
78
83
81
78
81
76
77
78
77
73
75
71
71
72
73
69
69
65
66
65
70
62
65
62
67
63
62
64
65
66
71
66
70
72
72
69
69
74
76
80
77
75
84
81
80
85
79
81
85
82
84
84
82
80
84
79
80
81
77
74
76
72
70
72
68
65
64
66
62
61
58
57
53
50
54
51
48
47
49
48
48
46
48
46
43
43
44
45
44
44
45
47
46
44
44
45
44
43
42
45
44
44
44
46
45
44
44
42
42
45
45
42
44
44
41
44
45
44
44
47
43
49
49
49
54
55
53
58
61
56
64
65
62
69
68
68
77
75
74
80
77
78
83
78
82
84
85
82
84
86
81
83
84
81
82
81
78
80
77
72
75
69
69
70
71
66
66
65
62
62
63
63
62
64
65
61
64
68
66
70
69
67
70
76
72
75
76
74
75
77
77
76
77
76
80
80
78
80
82
80
82
84
81
83
83
82
84
88
83
84
90
89
89
89
91
90
97
92
94
98
99
100
105
103
108
109
108
111
113
113
110
115
113
116
117
117
113
117
116
117
113
115
115
115
115
112
119
115
117
115
117
115
115
114
120
116
118
116
119
117
115
114
116
118
118
118
119
117
120
118
124
127
125
121
127
129
132
135
136
136
143
140
138
144
144
144
148
147
145
149
148
148
150
150
151
156
154
156
155
150
154
157
150
157
153
157
156
160
158
159
158
160
162
165
162
164
164
166
169
169
168
171
171
171
171
172
174
174
170
171
167
166
169
168
163
162
163
159
158
159
153
154
157
149
152
152
149
151
153
147
150
152
149
152
155
152
156
157
157
156
162
163
164
166
167
165
172
171
172
177
179
178
183
179
181
182
182
186
189
188
192
190
190
190
189
186
190
189
188
190
188
190
190
189
192
193
189
193
189
187
191
190
191
191
190
193
189
193
188
188
190
189
192
194
193
186
190
187
186
188
189
187
182
181
184
180
180
179
174
171
174
169
166
170
164
164
164
161
160
160
155
155
154
151
148
157
151
148
154
154
151
154
151
148
158
152
154
157
159
155
164
164
160
169
167
170
169
170
172
172
169
170
170
174
173
170
170
173
164
169
165
166
165
162
159
159
163
158
162
158
157
158
159
152
156
160
153
156
154
154
156
156
152
155
150
150
152
151
146
150
150
146
147
143
140
141
140
140
139
135
134
134
132
130
129
122
125
124
124
123
119
116
119
116
120
118
118
118
117
116
118
119
117
118
117
116
119
116
118
117
116
118
118
118
118
119
117
114
117
116
120
116
118
121
117
121
117
114
118
112
111
110
108
104
109
103
100
101
96
97
98
94
92
97
90
86
88
89
86
90
87
84
86
82
80
85
81
79
81
76
80
81
77
74
79
76
77
76
74
74
77
71
71
70
69
65
70
68
70
67
67
65
64
65
63
58
64
62
62
68
66
62
70
71
68
75
75
71
76
79
76
82
80
80
84
83
82
84
84
82
84
86
83
83
81
79
78
78
73
77
72
74
71
70
65
64
66
62
60
61
59
54
55
51
49
47
47
48
50
49
45
46
46
45
42
46
47
42
45
43
43
45
46
44
45
45
45
44
45
44
45
44
44
41
46
44
44
45
45
44
45
45
41
42
42
45
46
46
47
48
50
49
49
48
56
52
58
58
62
63
61
65
66
70
69
70
76
75
73
77
75
77
83
79
80
87
80
85
86
83
84
86
79
78
83
80
78
78
76
77
72
73
68
71
66
66
65
65
63
59
66
66
64
65
64
64
69
65
64
70
71
66
73
73
72
74
75
74
80
78
75
80
77
75
82
77
78
84
81
79
85
80
82
84
84
84
86
86
86
90
87
88
90
90
91
94
96
96
96
96
100
102
103
105
107
110
113
112
113
110
113
114
116
117
115
115
116
118
118
117
116
120
119
115
115
118
119
118
119
116
118
118
119
115
116
119
117
115
116
118
118
116
119
116
115
118
116
121
119
117
122
127
126
129
129
131
133
135
134
136
140
141
145
145
142
142
150
144
146
148
146
150
151
149
150
151
149
150
156
153
156
160
154
154
159
155
158
158
158
159
163
158
161
163
160
162
168
166
168
168
170
167
168
172
168
169
171
170
170
172
169
166
171
164
164
164
164
156
157
158
153
157
152
150
154
154
150
153
148
151
152
149
150
154
154
153
158
157
154
161
160
161
165
165
164
171
170
173
176
177
177
176
181
182
184
187
184
186
185
185
189
187
190
190
188
189
190
188
188
189
188
191
188
189
188
190
191
191
190
193
188
188
188
191
190
191
189
187
189
191
187
190
192
193
189
187
187
186
189
182
187
184
182
184
181
178
179
177
174
175
172
167
166
170
163
163
163
154
161
155
155
153
152
153
150
156
150
153
152
149
150
154
153
154
157
151
153
160
158
163
164
165
166
169
164
171
168
169
170
173
173
170
174
173
169
166
171
165
169
167
166
164
166
162
163
163
158
161
161
157
158
160
155
156
157
155
152
155
149
153
154
154
153
153
151
146
149
149
147
151
144
147
146
144
140
142
138
138
139
133
133
132
130
127
124
125
124
122
120
123
116
122
120
120
118
118
119
118
118
119
118
121
115
115
116
118
117
117
116
120
117
116
120
117
118
117
117
117
118
115
119
118
118
117
119
117
115
116
113
108
114
109
108
106
103
100
102
99
96
94
96
89
92
92
89
87
87
84
85
87
81
82
84
82
82
84
78
82
84
79
81
81
78
81
78
73
77
75
73
72
75
70
72
72
68
71
65
67
68
67
64
65
60
65
64
64
65
62
60
66
65
66
71
66
74
74
72
77
78
79
74
84
81
80
84
81
82
86
81
82
86
82
82
85
80
80
80
77
76
74
74
69
70
68
65
64
62
62
59
58
58
55
53
53
48
47
48
47
45
47
41
46
46
44
43
46
44
44
42
45
44
41
44
43
44
45
44
44
46
44
46
44
43
42
43
41
44
44
42
44
45
45
44
43
42
44
45
46
46
44
49
48
50
53
55
52
56
58
59
62
62
63
68
70
70
76
73
74
76
78
79
81
78
81
83
81
81
84
85
84
85
78
80
82
81
77
77
78
74
75
72
69
70
69
63
64
62
62
66
66
65
61
63
64
64
64
66
66
68
69
66
72
74
72
70
76
74
74
78
75
75
80
76
78
81
74
80
83
77
82
84
80
83
85
80
86
88
85
86
91
87
87
92
89
93
96
93
94
102
101
98
104
105
110
108
110
109
110
116
117
111
113
115
114
116
116
115
116
116
116
117
113
117
116
118
119
118
116
115
115
116
116
117
115
117
115
117
116
118
116
119
117
116
118
118
118
118
119
118
120
126
125
121
127
129
132
135
136
135
140
141
140
146
145
144
150
146
146
149
147
148
154
150
149
155
150
151
157
152
154
156
158
155
157
155
153
157
160
158
164
163
159
161
162
164
168
167
166
167
169
167
167
171
172
173
173
173
169
171
170
167
163
165
163
163
162
157
158
158
153
154
156
151
152
155
149
149
153
148
152
154
149
149
153
152
156
158
158
162
160
163
166
167
163
165
173
172
172
176
173
179
179
181
184
186
183
183
185
185
189
187
187
187
188
191
189
190
189
191
189
190
190
188
190
190
189
192
192
193
188
190
192
190
191
188
188
188
192
191
188
191
189
188
190
193
187
190
188
188
185
187
184
185
182
177
173
178
176
171
175
171
165
168
165
160
162
162
161
162
152
155
157
154
152
157
151
151
154
154
152
153
148
152
158
153
154
155
160
159
162
160
165
165
168
169
172
170
172
174
172
172
171
168
171
171
169
168
166
167
165
160
167
164
162
163
162
158
162
162
158
157
157
154
159
157
153
157
157
151
155
150
149
151
149
146
154
148
146
147
146
141
148
145
138
142
144
138
139
134
138
136
133
127
124
128
126
124
121
122
121
118
122
117
117
117
114
118
119
118
118
117
119
119
117
118
116
118
117
118
118
117
116
118
117
116
117
119
117
119
117
117
118
117
117
118
116
115
112
112
113
110
107
106
106
101
99
104
99
98
100
93
90
95
90
89
88
87
84
90
85
85
84
82
82
86
82
81
80
82
81
81
78
77
80
77
76
79
74
73
76
73
72
73
70
69
70
70
67
65
64
67
65
63
62
62
65
64
60
70
69
64
68
72
68
72
73
73
77
77
76
81
80
82
84
86
83
86
86
84
85
84
80
84
82
76
81
80
74
78
75
70
72
69
67
64
66
61
60
61
56
56
54
56
53
49
50
50
44
49
47
47
46
48
42
43
43
41
44
46
44
42
44
44
42
46
44
45
44
42
48
43
44
42
43
42
46
44
42
46
44
44
42
45
44
45
44
47
43
48
52
48
47
48
55
56
55
59
55
60
65
66
64
70
72
74
76
73
72
81
74
78
82
80
79
85
80
84
86
79
80
87
80
83
83
77
78
81
75
73
70
69
70
69
63
65
61
65
64
65
65
63
60
64
64
62
66
67
64
69
67
66
72
70
71
74
74
74
79
76
75
80
80
79
82
77
78
85
79
79
82
84
83
85
85
79
84
87
83
88
89
84
91
90
91
94
98
97
94
102
101
103
101
104
107
109
107
112
115
114
116
117
117
115
115
114
119
116
119
118
116
120
121
116
116
117
118
116
116
116
118
116
118
116
118
120
118
118
116
118
116
119
117
116
114
114
115
120
121
120
124
125
123
129
129
132
133
133
134
139
142
140
142
146
144
142
150
145
146
151
147
149
153
149
151
154
150
156
156
153
153
152
157
154
156
154
156
158
157
161
159
157
165
166
161
167
167
164
169
169
169
168
173
172
172
170
175
172
169
171
168
168
168
165
162
165
160
157
160
156
157
157
152
153
151
150
149
152
152
149
153
151
150
156
153
154
157
158
158
160
161
163
162
166
166
170
170
173
173
177
178
181
178
185
181
183
186
186
187
186
186
188
187
186
188
189
189
189
190
188
188
189
189
190
191
188
188
190
193
188
190
193
188
190
192
192
190
192
191
188
188
192
193
190
191
188
190
191
187
184
189
187
181
180
184
176
179
174
176
175
172
165
165
164
163
164
164
160
157
157
152
156
157
149
151
152
151
151
152
147
151
152
152
156
154
155
152
157
157
155
159
163
164
167
167
167
169
170
171
170
173
167
167
172
169
169
172
167
166
171
166
164
164
160
160
164
159
158
163
160
156
160
154
156
160
156
157
153
154
154
154
151
150
155
150
148
154
148
146
149
143
145
146
144
141
144
139
137
139
132
134
133
133
129
130
124
123
120
121
123
118
119
119
116
118
120
118
119
116
119
116
118
117
119
117
116
121
119
116
120
117
117
118
121
116
119
116
118
117
118
117
117
117
120
117
118
115
115
114
112
110
112
107
103
107
97
99
100
96
94
95
92
92
94
88
88
88
86
84
86
84
85
86
82
83
84
80
83
81
79
80
82
76
79
80
77
76
75
71
75
74
69
71
70
71
67
70
66
66
65
67
60
65
64
64
64
65
64
64
69
65
64
70
71
69
73
74
75
77
75
80
84
80
80
86
83
81
85
81
85
83
81
82
83
77
75
78
77
76
75
69
69
69
69
64
67
64
64
60
57
55
56
55
49
50
50
48
46
48
46
44
44
46
46
44
46
47
42
44
42
45
47
44
43
45
43
45
44
45
43
44
44
44
42
44
45
42
48
44
46
48
42
45
42
46
44
46
47
48
48
49
47
50
54
57
55
58
58
58
61
62
61
66
70
71
70
74
74
78
78
80
82
80
80
83
81
82
85
83
82
85
80
80
82
84
78
80
78
74
74
71
69
67
68
68
66
65
64
66
65
62
60
64
67
60
65
69
67
66
70
67
71
71
69
69
73
74
72
80
76
75
80
75
76
82
77
79
80
80
82
83
81
83
83
81
85
87
84
87
90
86
88
91
89
93
94
94
97
98
100
102
102
107
106
110
110
113
111
113
115
111
113
115
113
115
113
118
116
116
116
118
117
117
115
116
119
114
116
117
114
118
119
116
118
119
117
116
117
117
117
114
116
122
116
116
118
118
121
122
120
127
125
122
130
132
132
134
135
133
141
139
140
144
145
138
149
146
147
149
152
152
153
151
149
154
153
152
154
157
151
154
157
154
160
159
156
162
161
156
161
162
163
166
166
166
168
167
166
168
168
172
171
170
173
170
174
174
170
169
170
168
170
165
163
162
162
157
159
158
155
153
154
153
152
155
148
149
152
148
150
154
150
155
153
151
155
157
153
154
161
161
163
166
163
166
172
171
172
177
176
178
182
181
181
182
185
183
185
187
183
189
188
190
187
188
187
189
189
189
189
190
191
188
190
192
190
192
190
193
190
191
187
190
191
190
190
193
191
191
187
192
191
189
191
192
191
191
190
188
187
182
184
181
181
178
180
176
174
172
172
170
165
168
163
162
166
160
160
157
153
155
157
154
152
157
152
150
151
146
150
153
150
153
153
152
155
160
155
156
163
162
165
162
165
169
168
172
171
170
172
174
171
171
172
172
171
168
168
170
167
165
164
166
161
160
162
158
162
162
156
160
160
157
155
153
154
158
157
150
154
153
150
154
155
146
150
152
149
149
144
144
147
142
143
142
143
139
135
135
132
131
132
130
126
127
123
121
121
121
122
118
122
122
118
119
117
121
118
117
115
118
118
117
116
119
117
115
114
116
117
116
118
116
118
117
117
120
118
117
116
119
117
116
116
118
114
115
113
113
108
112
106
102
107
102
101
98
100
96
96
95
92
93
89
86
90
88
84
85
86
83
88
84
84
82
79
80
85
78
80
81
80
80
79
73
75
76
76
74
77
72
70
73
70
66
68
66
68
64
67
66
62
66
64
61
64
62
64
67
68
67
71
66
71
73
75
72
80
78
75
82
82
82
84
86
83
85
85
81
83
83
78
85
83
75
78
79
74
77
74
69
70
69
67
66
64
64
61
57
55
56
54
54
51
51
49
46
46
48
45
47
45
45
43
46
47
42
44
46
42
45
43
44
45
44
44
45
43
44
42
45
45
43
41
44
45
42
46
45
44
45
40
45
43
42
47
46
48
48
48
46
52
54
55
56
54
57
54
61
66
66
64
72
66
72
74
71
71
78
76
80
80
82
83
82
85
84
86
78
83
83
80
82
80
78
77
77
76
76
73
71
68
69
64
65
64
64
66
65
65
64
61
64
64
62
66
67
64
68
69
67
69
72
69
76
75
71
78
76
73
80
78
80
80
81
76
81
82
80
82
84
83
85
82
84
85
85
84
89
86
89
89
88
90
95
90
93
96
101
97
100
106
104
109
108
112
112
115
115
114
114
116
115
115
118
116
117
113
119
116
120
120
115
116
117
118
115
118
113
118
116
119
117
115
114
119
117
115
118
116
119
117
116
114
115
120
121
120
120
122
129
122
125
130
129
133
135
135
135
139
139
140
146
142
145
146
148
149
152
147
146
154
149
151
156
152
153
152
152
156
154
152
155
159
154
158
158
160
162
166
161
161
162
167
163
164
168
169
168
169
169
171
170
172
171
171
173
170
172
169
166
169
164
161
160
163
158
159
156
154
156
154
152
154
154
152
152
149
149
152
152
151
158
152
153
157
154
158
162
162
163
162
166
166
171
171
172
174
175
175
179
181
181
185
186
189
186
189
185
190
191
187
184
191
187
189
189
190
189
190
192
191
190
192
189
191
190
193
188
189
192
191
189
193
189
190
192
191
188
188
192
190
193
190
190
191
187
188
187
186
188
182
183
180
176
179
176
174
175
170
166
170
167
158
164
163
157
160
160
155
156
158
153
149
155
146
153
148
147
150
153
150
153
154
154
158
159
156
162
162
160
166
167
167
167
172
173
167
172
171
171
170
176
170
166
171
164
164
169
162
164
166
164
159
160
161
157
155
152
157
159
157
153
156
152
156
157
153
150
153
147
150
156
150
149
148
148
147
148
147
141
147
144
143
144
141
139
135
135
133
130
130
129
126
123
124
124
120
120
122
122
118
118
118
119
116
120
118
119
119
118
118
118
117
116
121
117
118
117
115
114
117
116
117
118
117
116
116
118
117
117
114
118
117
118
115
115
114
112
112
111
101
107
103
96
103
97
96
96
98
92
93
88
89
86
89
85
87
89
83
85
87
80
85
83
81
82
84
79
82
80
76
80
77
74
76
76
74
76
74
71
72
72
69
67
68
66
65
64
65
64
63
61
59
63
64
65
64
65
67
65
69
70
72
74
76
74
78
78
77
82
82
82
85
82
83
86
83
83
86
81
81
84
80
78
81
75
74
76
70
71
70
68
65
65
64
62
59
59
54
56
56
52
51
49
47
50
44
48
47
43
45
46
45
45
40
46
46
45
44
44
42
46
44
44
45
44
45
43
44
47
42
45
45
42
44
42
46
44
46
45
44
45
44
42
45
48
48
48
53
50
50
53
52
54
62
61
60
65
63
64
67
69
67
71
73
72
79
79
75
78
83
78
82
83
81
82
87
80
82
85
78
83
79
75
80
78
75
72
74
70
71
67
66
65
63
64
62
61
60
64
64
66
64
65
68
65
65
71
66
70
72
72
72
77
71
75
77
72
77
77
76
76
80
77
79
82
81
82
81
81
84
87
82
85
86
86
88
90
88
88
92
90
90
94
94
98
99
100
106
103
105
105
107
108
114
113
112
115
115
113
116
117
116
118
115
115
117
118
117
117
117
115
115
118
116
115
116
115
116
115
114
119
115
118
118
116
118
117
117
117
116
115
117
117
116
121
122
120
127
127
125
129
132
130
134
137
135
140
142
139
144
144
145
147
145
148
149
149
147
151
152
150
154
149
148
155
149
152
157
152
154
160
159
156
162
161
158
162
159
157
161
163
164
169
167
164
168
169
167
167
170
170
171
173
172
170
167
166
166
169
163
162
160
162
158
157
156
154
155
155
152
153
152
150
151
152
148
152
153
150
153
152
