118
83
80
77
71
72
75
70
71
66
68
66
64
64
60
59
55
54
56
52
51
50
50
48
50
48
49
48
46
47
48
45
45
42
49
45
42
48
48
48
46
46
47
45
44
48
45
46
49
46
47
43
42
46
47
48
48
49
45
46
46
49
48
50
49
51
50
56
57
55
57
58
61
62
65
62
69
68
68
74
74
73
78
77
78
82
83
78
86
86
83
84
86
82
85
84
84
85
83
77
80
81
77
79
76
71
72
74
69
69
67
64
67
66
64
66
66
65
64
66
65
67
64
70
71
70
76
73
72
76
76
79
77
73
76
80
80
77
82
79
82
84
81
79
84
84
84
87
85
83
90
86
88
90
87
86
93
90
94
96
93
92
98
96
103
100
104
104
110
110
111
113
116
116
119
116
119
118
120
115
112
118
118
118
117
114
120
118
116
119
115
116
117
118
119
117
119
116
119
118
119
119
119
116
119
118
118
119
119
117
116
123
121
122
124
125
123
126
132
131
133
134
136
141
141
139
146
145
141
146
146
146
149
148
148
154
153
150
153
154
151
153
152
153
156
155
154
160
158
156
159
157
156
162
162
159
163
163
160
165
167
167
166
169
167
169
170
172
171
173
174
170
173
170
169
169
168
165
163
164
164
161
162
158
156
158
153
151
157
150
154
154
150
153
153
149
153
156
152
155
158
156
158
159
159
159
165
164
170
171
170
172
174
174
176
178
179
181
183
183
184
188
188
190
188
188
189
192
190
191
191
191
190
190
193
189
189
190
191
189
191
190
190
191
191
191
191
191
188
189
190
191
189
188
191
192
190
188
191
188
191
187
186
186
188
184
186
182
182
180
178
176
175
175
169
170
168
168
166
167
159
160
161
159
152
156
153
151
153
148
153
152
152
148
153
150
149
152
157
153
158
156
159
160
159
158
164
166
167
170
172
171
171
170
176
173
171
168
166
168
172
167
168
168
166
165
164
161
163
164
160
161
160
156
158
159
154
156
158
156
158
161
153
151
156
151
148
155
144
152
151
148
149
150
142
147
148
144
143
144
139
140
141
138
135
136
133
129
126
126
126
124
123
122
118
120
122
120
120
119
120
120
118
119
118
118
120
117
118
118
118
118
119
116
117
118
118
118
119
118
119
118
119
115
118
120
119
118
119
114
118
117
113
114
116
110
111
107
104
101
102
100
100
100
100
96
97
93
90
89
90
87
88
88
84
88
86
83
88
86
82
88
81
78
84
80
80
83
79
81
80
80
74
76
75
72
76
76
73
68
71
67
66
70
70
66
65
64
64
66
66
64
66
65
65
68
68
69
72
76
72
78
80
77
80
83
78
81
82
85
85
84
84
88
87
83
84
81
83
80
81
76
81
74
75
77
70
72
70
70
64
64
64
61
58
56
56
56
54
53
50
53
47
50
46
50
48
45
45
44
48
46
49
45
48
46
48
44
46
49
46
47
46
48
48
48
48
49
44
48
48
48
46
48
48
48
47
44
45
44
45
50
49
48
50
52
53
56
57
53
60
60
62
66
63
61
69
66
71
74
73
75
78
75
78
83
80
81
85
81
85
85
85
83
85
84
83
85
82
82
81
76
76
76
77
72
74
73
68
72
68
64
67
66
65
62
67
64
66
68
67
66
69
72
70
75
74
76
77
73
72
80
78
78
83
79
78
81
80
80
82
81
79
81
85
82
85
82
83
86
88
84
88
90
90
89
91
89
93
92
95
98
101
100
102
104
106
107
108
107
111
111
114
117
115
113
117
117
116
118
118
115
116
118
117
118
116
118
118
118
119
117
118
119
117
120
120
118
118
119
116
117
116
119
116
121
118
119
117
116
121
121
120
124
127
123
128
129
128
129
134
134
140
142
138
141
145
143
142
148
148
144
151
146
148
152
151
151
154
152
154
155
153
154
157
154
155
156
157
157
160
158
160
162
160
162
162
161
162
168
168
167
170
170
172
170
171
168
173
172
174
169
176
172
164
171
167
164
166
162
161
164
157
154
156
154
154
155
152
153
152
154
151
155
154
153
153
151
154
157
157
156
160
163
158
166
163
167
168
170
172
174
174
172
180
182
183
182
183
186
188
185
186
188
190
187
190
190
190
189
191
190
193
192
190
191
190
188
191
188
190
192
191
190
192
188
191
190
191
191
190
191
191
192
190
191
190
189
191
190
192
191
187
185
187
185
183
183
179
180
181
175
175
172
169
169
170
167
164
164
160
162
162
157
156
160
155
152
153
152
154
154
152
151
154
151
155
154
152
157
158
154
158
162
161
162
168
165
166
171
170
173
171
169
169
173
173
171
167
172
168
166
168
164
164
168
165
161
163
158
161
161
157
155
159
158
155
158
154
152
155
151
154
156
155
155
154
149
150
151
150
146
151
147
146
145
144
141
141
139
140
140
139
135
136
131
129
127
123
123
122
122
122
122
122
120
123
119
121
120
122
118
116
121
118
120
117
118
119
121
119
118
116
120
118
116
118
118
119
118
118
119
115
118
118
118
118
118
115
118
117
118
115
114
113
106
109
108
105
106
101
98
97
96
95
93
96
91
91
91
89
87
87
85
85
88
82
85
84
81
84
85
80
85
81
77
80
82
77
80
77
72
76
77
70
74
76
74
70
68
67
66
69
64
67
64
66
66
62
65
65
63
68
68
65
70
68
72
75
73
75
76
80
75
83
79
78
87
80
86
87
85
84
86
82
84
88
83
82
80
76
78
80
79
74
77
72
70
66
68
62
62
61
62
60
57
58
54
52
48
49
46
51
46
49
48
48
48
49
46
45
49
46
46
48
48
46
48
46
48
45
45
42
47
46
48
48
46
47
43
44
48
46
48
44
48
46
47
45
46
45
48
49
48
50
50
53
54
52
59
60
59
62
67
60
69
70
69
73
74
74
77
78
78
80
85
77
81
83
83
85
85
81
88
85
80
87
83
81
82
80
76
79
75
75
74
73
68
70
67
66
66
64
62
68
64
69
65
64
67
68
66
71
67
71
72
72
74
77
72
74
77
74
78
78
75
79
83
78
81
82
80
84
86
82
84
87
86
84
86
85
85
90
85
90
92
90
93
96
96
92
100
99
101
101
105
103
108
112
112
113
113
112
115
115
116
117
114
120
117
116
119
116
119
113
120
119
116
117
118
117
119
117
118
119
119
118
120
119
119
118
119
119
116
120
116
118
119
118
117
119
122
120
124
127
125
129
131
127
132
135
135
138
141
135
144
145
141
146
148
145
149
147
148
151
148
149
152
152
152
154
154
155
156
157
154
157
155
155
156
159
157
159
161
161
164
163
162
164
166
168
168
168
168
169
169
173
170
172
172
169
171
173
166
166
168
164
165
166
163
160
161
155
156
159
153
150
156
150
150
153
148
152
156
151
147
156
152
155
157
154
159
162
159
161
165
164
167
168
169
170
174
178
180
181
178
181
181
185
185
186
188
188
187
187
191
190
191
188
190
190
189
191
191
188
191
190
190
191
186
190
191
189
191
191
190
191
190
188
192
191
191
190
192
190
188
191
189
191
191
189
186
190
189
182
184
184
184
179
179
175
172
178
175
166
168
167
162
166
163
159
161
158
155
159
152
153
155
154
153
155
151
149
152
152
151
155
152
153
155
157
156
161
160
163
164
164
167
170
171
172
170
168
172
171
171
168
166
168
172
167
168
168
164
166
165
163
163
164
161
160
161
157
157
158
157
156
157
155
153
156
154
152
155
150
156
154
148
149
148
145
150
149
148
149
145
141
142
143
143
141
138
136
136
131
130
130
126
128
125
123
122
122
120
121
117
118
120
120
119
119
118
118
118
118
119
118
118
121
118
116
120
118
119
120
117
115
117
118
119
118
120
121
116
120
120
119
115
114
118
117
113
113
110
111
107
108
106
105
102
97
97
97
97
92
94
90
90
94
89
89
90
88
85
88
86
82
86
84
82
87
84
84
82
80
81
81
80
76
78
76
77
79
74
74
74
71
70
74
68
69
69
70
66
66
67
68
63
63
60
62
65
66
66
70
68
68
73
73
72
78
82
79
77
83
81
84
86
85
84
87
84
88
88
82
81
85
83
82
81
74
80
79
73
73
75
68
71
68
66
64
64
64
60
58
57
52
52
54
50
48
49
48
46
45
50
47
49
48
47
46
48
49
49
46
46
46
48
48
46
48
48
46
47
43
46
45
43
44
49
45
46
44
45
44
48
47
43
46
49
48
49
46
54
54
54
53
52
59
62
61
60
65
65
64
72
67
69
73
69
74
80
77
79
82
82
82
85
83
82
87
84
83
87
83
81
85
82
79
81
80
76
79
74
72
73
70
68
69
67
65
62
66
65
63
66
66
64
66
66
68
72
72
72
73
72
73
76
76
72
79
76
78
80
81
76
81
81
81
84
83
78
86
86
82
85
85
85
87
88
87
88
89
89
92
93
92
93
96
96
99
100
98
100
106
107
105
107
112
112
113
112
118
117
115
115
119
116
115
115
117
117
116
117
118
116
120
118
120
120
119
120
120
119
119
118
118
119
116
119
119
118
120
119
118
119
118
119
116
121
120
120
124
124
126
126
133
132
132
137
137
134
142
140
142
145
145
141
146
144
144
150
150
149
150
149
150
152
153
152
156
153
152
160
153
155
157
155
155
162
157
157
164
160
161
163
163
164
168
166
169
166
170
172
168
169
168
172
175
172
170
169
170
168
171
165
164
168
166
161
161
156
158
155
155
153
155
151
151
152
154
151
151
150
154
154
156
154
154
157
158
160
159
157
162
165
165
165
169
168
174
176
179
179
179
179
182
183
184
185
187
187
188
186
187
189
187
190
189
189
190
192
190
190
191
192
192
191
188
190
193
189
190
189
192
192
191
191
187
188
191
188
190
191
187
191
190
190
190
192
191
184
190
188
185
180
182
179
179
176
174
176
174
172
172
172
165
164
164
163
160
164
157
156
160
156
153
154
151
153
153
150
151
155
150
153
155
154
158
159
157
158
163
160
165
166
165
165
168
168
172
172
172
172
170
170
171
167
172
169
164
167
167
165
167
163
162
165
158
161
161
157
158
159
157
156
157
156
155
156
158
153
156
151
146
157
150
148
150
148
145
150
149
142
144
148
143
142
144
139
138
140
135
134
132
134
127
127
124
126
123
121
121
120
122
121
120
120
121
118
118
120
118
122
120
117
121
116
117
118
118
119
118
118
118
118
119
118
119
118
119
119
118
118
119
115
119
117
117
116
118
112
114
114
111
106
111
102
102
103
98
98
97
92
94
93
87
91
91
87
88
90
83
85
87
83
85
86
80
82
84
83
80
82
82
79
80
80
81
79
77
78
75
72
76
77
71
72
69
70
71
66
66
70
66
64
62
65
64
65
60
70
68
66
68
67
67
76
75
75
81
76
77
81
82
83
83
82
82
88
84
83
85
84
81
86
85
79
85
75
76
79
71
70
75
71
68
68
65
62
64
62
59
59
54
52
53
52
51
51
49
48
50
48
48
45
46
47
48
46
46
48
49
46
47
44
48
48
48
49
44
48
48
46
46
46
48
46
46
49
46
45
47
43
48
46
47
46
47
47
48
49
47
52
52
56
56
58
58
59
57
64
67
61
68
69
65
72
76
72
78
76
78
79
82
80
85
84
80
88
86
81
88
85
82
84
87
78
81
79
78
78
77
72
73
72
71
68
68
65
65
65
66
64
67
67
62
67
64
65
67
72
68
69
74
72
75
77
73
75
79
74
77
81
78
80
83
79
81
84
82
82
86
82
85
86
83
86
90
84
85
88
87
89
91
89
90
98
92
96
98
98
100
104
100
108
108
112
113
113
115
114
117
115
113
116
118
115
116
118
118
116
116
118
120
117
116
119
119
116
117
116
120
116
118
119
118
115
115
116
118
119
117
115
116
116
119
116
120
121
123
120
124
124
126
131
127
130
135
135
133
141
141
137
142
145
144
146
148
148
147
149
146
152
153
149
152
154
150
155
154
153
155
155
154
157
156
156
160
158
161
160
164
163
161
165
162
168
166
169
169
170
171
169
168
173
172
175
175
170
170
172
166
166
167
162
165
167
156
160
162
157
156
160
154
152
155
151
150
154
151
150
154
151
149
155
152
157
159
156
159
162
159
160
165
161
166
173
171
173
176
178
179
177
178
182
185
181
186
188
189
187
189
188
190
187
187
186
188
191
188
192
191
188
191
189
188
191
190
189
188
191
191
189
191
191
188
188
191
190
190
190
191
190
189
189
189
191
189
190
190
186
188
186
182
185
180
180
179
178
173
174
173
166
168
167
162
165
160
162
161
158
154
159
156
153
154
152
153
151
152
151
151
154
153
154
155
155
157
157
157
160
161
158
164
170
165
168
171
172
172
172
172
173
171
170
169
171
172
165
167
166
165
163
165
161
163
159
160
160
162
156
160
162
156
157
157
154
156
157
152
157
153
148
154
153
151
153
151
150
151
147
145
148
148
145
146
145
143
141
138
137
136
136
134
129
127
126
126
123
123
121
120
122
123
118
120
119
118
119
120
118
120
117
118
120
118
121
117
116
118
118
118
119
118
121
117
117
118
117
115
114
118
118
118
117
115
115
118
117
113
115
113
110
111
108
104
101
104
97
96
99
91
95
95
93
89
91
88
87
90
87
85
88
86
82
86
86
82
87
82
84
83
82
76
81
80
77
80
80
76
78
72
75
76
72
72
74
72
70
70
69
67
62
67
64
62
64
67
61
65
67
64
68
69
69
71
74
75
76
81
75
78
83
81
84
86
85
86
86
81
81
86
82
82
86
78
80
82
79
77
76
75
75
75
65
68
69
64
66
62
60
60
60
57
54
52
54
51
48
50
52
48
50
47
49
48
45
47
46
48
49
46
48
48
49
45
44
48
50
48
45
48
46
46
48
49
44
46
48
49
47
43
46
47
43
48
46
48
49
45
47
49
50
53
55
54
58
59
58
60
64
65
64
72
72
70
75
72
77
79
77
76
83
81
81
84
84
83
84
81
82
86
82
83
83
82
80
82
81
78
77
73
74
72
69
66
69
65
65
64
67
62
65
65
64
64
67
69
63
72
71
68
75
74
71
75
74
74
79
77
74
81
80
80
82
83
77
80
82
83
82
85
82
86
88
83
83
87
84
89
90
90
90
92
91
93
93
94
95
101
97
102
103
104
109
109
110
111
112
116
116
116
118
117
112
119
117
117
116
120
117
116
119
118
120
118
120
120
119
119
117
117
118
116
120
119
115
116
119
117
120
118
117
117
118
119
118
118
122
122
120
123
125
126
132
130
133
136
134
136
141
138
142
144
143
142
148
148
144
150
150
147
153
149
151
155
151
152
156
152
153
155
155
156
157
152
157
161
156
161
163
160
163
161
164
163
164
168
168
170
170
169
167
174
174
172
175
171
169
168
171
169
171
166
165
162
165
159
159
156
155
157
157
150
158
155
148
156
154
151
150
153
149
154
155
150
156
156
154
160
163
159
163
163
165
165
170
170
174
178
178
179
179
180
181
183
184
185
187
187
187
188
188
186
189
188
190
190
188
191
189
188
192
190
193
189
192
189
190
191
191
190
192
192
191
188
191
190
190
190
191
188
192
189
187
190
191
185
188
186
189
184
182
185
182
180
177
180
174
176
176
169
169
171
164
164
167
160
161
158
158
156
160
157
152
154
152
153
152
151
148
155
150
154
155
151
152
160
156
156
163
160
165
166
165
164
168
172
173
171
171
170
174
169
168
169
169
169
165
168
163
162
165
162
162
163
161
158
164
160
159
159
154
157
158
156
156
157
155
149
155
155
149
152
151
150
150
151
146
152
150
148
148
144
140
147
141
136
142
140
134
135
133
132
127
127
125
122
124
122
122
121
120
122
119
119
116
122
120
119
118
120
119
120
120
118
121
121
118
117
118
118
119
118
121
117
118
118
116
119
119
119
119
115
119
118
118
117
116
113
113
111
108
108
106
105
104
106
98
100
96
96
96
93
86
93
90
87
88
90
85
86
89
84
84
88
81
85
84
83
80
82
80
82
80
80
78
78
77
78
75
72
77
74
74
71
71
71
67
67
69
66
67
66
65
61
64
65
62
68
68
64
69
72
69
70
75
75
78
79
79
84
82
84
87
80
85
83
87
79
85
82
82
85
82
79
83
81
78
78
78
73
72
73
68
68
64
65
66
58
59
58
58
54
56
51
48
50
46
46
49
45
48
48
49
46
44
48
45
41
41
48
46
47
44
45
44
48
48
46
45
45
42
46
49
46
47
43
46
47
46
47
44
48
48
48
48
48
49
45
50
51
49
54
56
54
56
61
61
60
64
66
70
69
68
72
76
71
79
79
78
81
82
80
84
84
80
88
86
83
85
83
78
83
82
80
83
80
75
76
78
72
73
69
70
68
68
65
65
65
66
66
65
62
66
63
64
69
64
71
69
72
74
73
70
77
72
75
78
76
79
80
78
81
80
81
80
84
81
84
86
83
83
86
85
84
87
85
86
91
89
89
93
90
92
96
92
95
98
97
99
102
104
105
105
106
112
112
116
115
114
116
114
114
117
118
116
119
117
116
118
117
118
120
118
119
118
118
118
118
118
119
118
118
119
118
117
119
116
118
119
116
119
117
119
118
118
121
122
120
125
124
126
131
130
131
135
134
137
137
142
140
141
144
143
147
147
141
150
151
148
151
151
148
155
153
151
155
154
153
155
156
157
155
158
157
157
159
156
162
162
162
164
164
164
165
165
168
170
170
170
172
170
173
170
170
174
174
172
174
170
166
169
163
164
163
158
159
160
158
157
155
151
155
153
151
151
153
148
154
153
149
154
153
153
152
156
157
158
163
157
163
166
165
166
171
171
171
175
175
175
176
181
182
183
185
186
187
187
186
189
186
190
188
190
189
191
188
190
189
187
191
188
189
188
190
190
189
190
192
191
188
190
192
192
190
191
190
192
192
191
191
190
191
191
188
189
190
190
188
188
189
183
183
180
178
178
179
175
173
174
170
168
168
166
166
165
159
160
160
157
158
156
153
153
152
151
153
150
150
151
152
149
152
156
152
158
158
156
161
161
161
164
165
165
168
169
169
172
172
172
172
172
172
168
171
171
166
168
168
164
166
165
161
162
165
159
158
163
157
158
159
155
157
159
155
151
153
153
149
155
152
149
153
152
152
151
150
150
149
147
145
144
141
143
144
144
141
136
138
136
131
130
129
125
126
125
122
123
119
116
120
123
116
119
118
118
120
118
116
119
120
118
119
120
117
119
119
118
118
119
118
118
119
115
